accuracy: 0.774577102230939
precision: 0.6976280548968158
recall: 0.6307783419354958
f1: 0.6521549144432699
precision_weighted: 0.7736177079513541
recall_weighted: 0.774577102230939
f1_weighted: 0.7736809187384669
