accuracy: 0.7323690447004985
precision: 0.5800785906239888
recall: 0.5341820291654551
f1: 0.5450546585281024
precision_weighted: 0.7392189718860995
recall_weighted: 0.7323690447004985
f1_weighted: 0.7305027206014286
