accuracy: 0.7419710713410149
precision: 0.5489891059063922
recall: 0.5659118024108115
f1: 0.5521544769158219
precision_weighted: 0.7379646963562556
recall_weighted: 0.7419710713410149
f1_weighted: 0.7385917988533749
