accuracy: 0.7832114495939702
precision: 0.6481107881039295
recall: 0.5928690865645972
f1: 0.6043423014810195
precision_weighted: 0.7806974312102831
recall_weighted: 0.7832114495939702
f1_weighted: 0.7805136595930832
