accuracy: 0.7438097572934543
precision: 0.5803374227729605
recall: 0.4851506345198209
f1: 0.5061133446484961
precision_weighted: 0.7351389729913356
recall_weighted: 0.7438097572934543
f1_weighted: 0.7358273086913367
