accuracy: 0.7730719188837544
precision: 0.5981075477678329
recall: 0.5708978186703263
f1: 0.5591851378217154
precision_weighted: 0.7673430114772913
recall_weighted: 0.7730719188837544
f1_weighted: 0.7666091184657255
