accuracy: 0.7814617075687559
precision: 0.6821523280964792
recall: 0.580226716675177
f1: 0.6205152085409491
precision_weighted: 0.7730361305409728
recall_weighted: 0.7814617075687559
f1_weighted: 0.7736866344929761
