accuracy: 0.6410785589304141
precision: 0.3956189024317061
recall: 0.23363643979068457
f1: 0.24428977359363502
precision_weighted: 0.6198108964489898
recall_weighted: 0.6410785589304141
f1_weighted: 0.5608250494961594
