accuracy: 0.5054511193862443
precision: 0.1723389462994401
recall: 0.17126186880355687
f1: 0.15896615769830583
precision_weighted: 0.42982973300874144
recall_weighted: 0.5054511193862443
f1_weighted: 0.4490879154110792
